1
63
16
44 40
42 -48 15
-12 -20 35 5
25 49 36 -17 -47
22 -24 -28 -14 14 33
29 -40 40 26 -18 -33 -41
-37 -24 -48 -28 3 41 25 49
20 -6 15 39 9 -4 9 -31 -11
23 -4 -13 -35 -43 32 -7 22 -11 -21
5 42 46 34 -44 24 28 0 -19 18 -24
-8 38 5 7 44 -13 37 43 -30 39 -9 30
46 -25 -7 -35 23 8 -21 35 23 -12 -21 18 35
12 31 -26 4 41 35 -3 25 12 -7 -45 49 3 -36
37 11 47 24 -45 28 42 -20 16 39 -4 -41 13 -9 23
34 33 45 45 -45 -8 -6 -16 26 29 -35 23 3 -20 -40 -25
20 27 39 40 8 13 -44 1 36 44 -15 5 -24 24 50 2 -20
-26 30 -8 37 3 7 0 50 -16 -37 10 0 -6 19 3 -25 23 -28
-1 -14 -9 -36 38 42 12 29 -5 -38 14 23 -1 -30 -29 -28 -27 -35 -11
7 -9 -16 -21 -12 -24 -20 -27 -36 42 35 -46 6 10 -41 35 -20 29 45 -1
-45 9 -36 -28 -23 -41 49 -17 4 50 16 -7 27 35 -44 -12 -5 17 -27 -46 10
35 23 -36 38 1 -46 12 33 -34 -36 8 -45 35 -34 7 30 48 44 -39 44 31 -32
-1 -36 -9 43 -27 -25 47 23 46 -4 44 -17 -3 21 39 -22 7 11 -14 18 -16 -41 47
-41 -37 -32 -11 46 11 -45 -21 18 30 -37 6 -46 -44 35 16 22 -48 -9 -16 50 -48 49 28
-33 -30 25 -25 -37 -4 30 17 7 -29 -32 20 -23 -1 -32 35 6 -35 44 42 30 -10 19 -32 42
-2 44 -44 -3 -23 21 -31 18 -44 13 33 15 16 27 35 -14 38 5 46 -22 31 15 -24 28 -6 28
1 -20 -5 -47 -19 -4 -33 12 -28 46 -36 31 19 -46 18 12 -42 -49 -48 43 -4 -26 20 -19 48 -32 -30
-24 41 -31 -33 4 -25 -31 -13 23 -18 19 31 24 10 12 21 -23 34 -2 -43 8 35 9 -47 47 -15 45 28
9 -22 25 28 30 34 48 49 -8 -6 37 14 15 30 41 8 -44 -45 -11 -2 1 41 -16 38 -32 30 -46 -1 -29
22 -49 -6 39 -1 -41 8 -24 -27 27 -25 -25 -29 31 9 -23 43 46 13 8 26 22 48 46 -47 3 -22 32 -44 -8
48 -7 -15 12 22 -46 19 44 -48 37 19 20 18 25 -41 1 21 -32 -29 -40 47 -20 -6 4 -29 -5 22 48 -8 -3 -31
39 5 -48 15 31 14 14 -48 35 -32 -34 16 6 14 19 -28 27 35 37 -48 46 10 -28 14 48 21 14 -41 6 -32 31 -35
45 48 -13 -9 -46 -25 -30 10 41 -16 -10 38 -34 -29 -48 -21 -17 49 -15 -9 -31 -26 -30 21 -22 -42 -24 -6 -1 -21 13 -48 5
46 7 49 -6 -29 -19 1 -36 33 -12 -48 21 -42 8 -31 40 -19 44 23 -7 12 15 -48 -43 -49 -3 16 34 32 -25 47 -32 9 18
-38 12 -17 32 30 -41 -12 50 -30 27 -46 39 -36 8 6 32 34 -14 34 -32 -48 1 -49 -21 38 -21 20 50 -9 5 8 -15 16 -34 -45
26 6 -28 11 46 24 2 20 1 -25 -48 -28 -49 -39 -25 -16 -26 -42 -24 24 -32 -47 30 -25 -24 41 21 -21 -5 -13 -30 -48 -7 3 -6 -23
32 -28 -44 -33 9 23 -21 23 29 -27 45 6 14 22 -30 -49 -31 -35 40 11 38 -27 11 -16 50 39 22 39 32 18 -27 24 -41 23 9 -8 -23
-18 6 -12 -11 -12 -12 -40 36 -47 25 -15 -35 -32 4 29 -26 41 -45 16 -36 47 1 -22 -38 31 4 -10 11 15 -27 37 0 5 21 46 -43 -39 30
-48 -31 20 6 15 -3 -39 50 -32 -30 28 43 -46 -4 20 25 14 -49 -2 28 29 -43 36 35 5 -1 5 28 47 -1 -11 -47 -29 22 -27 36 -7 13 -49
28 9 21 38 40 9 -23 24 9 43 31 28 -22 8 -4 40 -32 -13 32 14 34 36 -10 20 -3 -20 -18 -40 -40 31 -24 -9 13 -3 -34 11 -26 -45 -44 -23
28 -20 4 0 -36 -22 -25 14 44 20 30 -21 34 -48 -40 -15 0 27 -45 -27 -48 19 -8 -3 -30 -34 -9 6 23 3 27 -44 -47 9 -6 42 -24 -34 -7 -6 0
-42 33 -42 -49 -20 33 23 -7 -7 -37 -17 -39 -41 39 -5 -1 16 46 -10 -33 32 15 19 17 -8 36 -20 -44 -6 11 13 19 -25 -48 32 -36 36 -37 25 24 -9 48
-36 40 -7 13 -8 44 4 4 -27 -20 48 47 -28 5 18 2 -43 46 -42 17 39 41 26 31 -14 -11 -41 -41 -6 14 -29 49 -41 25 -9 29 35 4 -44 25 -44 -18 10
-43 -40 43 -21 -27 46 -32 8 -33 26 49 -9 -39 43 -37 -7 -9 25 -48 27 35 15 -3 15 41 -23 32 -10 -36 8 39 21 -12 1 -49 -39 28 1 36 -10 28 17 -19 -30
6 1 42 -31 24 -19 32 -41 4 28 28 7 -49 3 18 47 -18 -9 -22 3 49 34 -41 12 -47 -10 -41 24 -17 -48 24 -21 -13 17 -18 39 -22 35 -5 32 -1 -20 -18 -10 -36
-6 13 -34 19 -15 -10 42 -24 -27 -30 -40 17 15 24 -9 47 -46 -17 5 -35 -13 -49 -24 -12 23 45 -20 10 31 -17 -8 50 28 -33 17 -44 -17 -42 -6 25 50 5 -49 -4 -14 21
14 -4 -48 -29 31 -1 -44 40 -14 13 2 -3 -15 6 -22 41 5 2 38 35 -49 -11 32 47 47 -48 -15 41 23 36 -9 27 -47 -39 -34 24 -43 -37 50 20 25 -5 32 29 -36 -19 -9
-27 -18 -8 -6 -31 -28 -10 48 -1 44 -11 -5 -14 -23 48 11 -44 -24 48 -44 39 -33 -19 -40 -13 -24 -22 27 -11 47 -37 42 37 30 22 -10 -46 28 44 34 -4 43 -21 -25 26 23 23 -26
-28 5 42 -36 -1 44 -1 -25 -8 20 21 -10 40 -41 36 -30 -14 43 -28 49 -37 6 37 48 46 45 -33 12 6 -18 20 13 4 -20 33 29 -32 50 44 -22 -42 -9 0 40 39 42 40 49 -19
2 44 -19 7 44 42 -15 11 -47 41 -17 45 -26 -40 -37 -49 8 -41 -21 16 -3 23 -27 5 -18 -28 -30 -34 2 -8 -27 -48 43 1 3 -44 -7 5 -41 -28 -26 39 -23 -38 6 -42 -28 -35 40 -20
-26 -46 42 37 45 2 -33 31 19 -11 24 -26 33 -35 -8 -24 -47 22 -13 -34 -25 9 9 44 -36 50 32 34 -21 3 -48 21 -2 -18 -36 16 30 46 -35 31 13 35 -47 15 45 -39 17 -38 -30 48 -46
-15 -46 22 -8 29 -45 27 -22 34 -19 -46 37 46 26 -23 -30 33 48 23 32 -49 26 35 -28 12 -32 -28 37 1 -44 19 13 -24 -22 2 4 -35 33 15 6 49 -36 0 23 2 15 -27 17 46 22 -36 -20
19 -43 -12 17 7 -36 -33 -30 -19 -37 40 36 46 29 7 33 -19 -21 3 19 -49 -18 28 -48 -30 36 49 25 15 43 24 38 -21 -2 39 -6 46 45 -16 -12 -31 -23 -26 22 -29 30 19 -34 -45 31 11 41 -31
-46 -3 16 10 34 -27 -21 -25 -28 -1 20 -6 -3 32 48 -36 34 25 -33 -3 0 11 13 7 -24 39 2 24 3 -36 -45 -27 43 38 29 -2 -4 -19 -23 28 10 0 27 -10 17 0 -35 4 21 29 46 2 22 22
2 -25 26 -7 -44 39 -28 4 3 -47 46 27 -38 -38 15 17 8 15 19 -37 -33 13 1 -33 16 38 28 46 -33 -47 -37 -23 17 -11 20 9 40 26 14 9 -4 -8 9 4 -37 -15 -27 -19 10 -41 -4 -46 16 37 -17
15 -17 2 -8 2 -39 14 -37 -23 10 19 -22 -32 -26 -3 -10 -11 -24 38 48 3 15 -6 35 -47 36 27 8 23 3 13 33 -38 47 -36 -25 -23 -5 -32 39 24 -27 5 23 -16 -15 -28 46 -4 -43 45 39 -38 32 29 21
-42 -37 -39 27 -32 -15 -42 34 -26 -22 -20 -19 -23 -18 -43 43 21 9 -20 18 49 -46 9 1 44 14 -33 -33 22 4 -10 8 27 48 16 -6 10 -36 -28 14 50 48 -45 50 26 4 -9 -18 13 -1 37 4 12 -8 -31 -16 -37
45 -12 46 -8 -6 -47 49 -1 5 -30 -41 29 15 -34 -9 33 2 -10 -13 32 -9 45 0 -47 2 -41 14 36 -15 46 -47 21 -42 -15 -49 21 17 -6 26 44 -7 -25 34 -45 11 23 45 30 23 -22 10 49 38 49 -25 -42 -41 4
11 -18 48 15 -6 41 -33 -39 -44 -46 -6 -41 10 -21 -46 -7 11 35 -7 -2 -12 0 36 -25 -12 11 23 -43 -22 22 -27 -38 15 -29 9 48 28 -41 -14 -1 30 13 -41 -8 48 46 41 13 -20 -48 -23 14 25 -12 -33 -40 -6 -37 -4
11 2 14 3 38 -45 -24 38 -16 -27 -45 -34 -8 -41 21 -12 38 -48 45 -34 -40 5 6 -3 17 -15 19 40 45 -41 -17 3 -20 -3 -26 32 48 -8 29 -44 26 -39 -38 -16 6 -26 -18 -10 28 0 -36 -22 47 4 0 1 9 47 10 11
17 -33 43 14 13 36 -30 -20 -2 24 11 -48 -35 -44 -32 -26 -14 -24 18 33 21 8 -18 45 -40 7 18 33 -29 36 -29 16 -31 49 20 34 -46 -44 42 -32 13 -6 40 23 26 -8 -38 -26 13 -41 -1 -44 18 38 50 -19 -45 30 -7 -42 44
8 39 -3 14 27 -28 39 37 25 6 -13 18 43 -16 23 2 -8 -45 46 46 -16 -42 -6 -37 30 16 -3 14 43 -48 48 39 10 -15 6 35 2 49 1 -40 23 4 -37 -45 14 25 -22 -2 48 15 25 24 50 -7 37 36 39 50 38 -12 -15 6
-1 -40 10 -36 -6 23 -21 -20 10 21 -27 -14 4 -25 -38 -32 14 20 -49 -40 -11 -17 -35 28 19 -15 -28 -2 45 -44 13 2 -30 23 39 19 -47 -3 6 19 20 -24 0 -14 -13 43 39 39 -17 47 -26 35 48 -5 29 49 16 -38 -28 43 21 -37 31